Result Matrix: 
27151 -7694 10213 35908 30228 -13502 39469 -6895 -8270 -8662 6248 25038 -20650 -12250 11219 30605 3762 -2598 -14878 13856 26659 2653 5726 30296 -8862 
-5617 -1758 14727 -17101 2073 13536 1674 -44242 16886 -452 -18730 -42662 -33585 -15777 -1987 -32119 19122 42502 17241 -26010 -13888 13143 3595 -10716 -16833 
-19227 -7506 -22473 13847 -22012 -6966 1620 -4602 -36675 -10098 -1392 4401 37959 -4404 4427 4846 -17160 -12419 -13953 17983 6930 6149 -7550 5338 -8924 
-8843 -8465 -5435 -18541 -13226 12786 479 -14327 51089 20677 -7095 -14101 -15743 8479 -20169 -21456 13870 932 8447 -9483 -2103 5105 14396 -18046 -28269 
-7393 -5291 -17803 -13385 15363 -12736 2827 -21201 30559 -13275 18781 -29412 17645 -12826 -17019 -1549 12838 -6927 -3291 -30978 -14437 9419 22856 -2304 -21284 
41662 -9596 10126 16696 11723 -13983 6977 21738 -40547 -26770 -27273 28023 -2850 -28431 44363 3033 -23012 -29544 -19195 -12715 7159 -9090 19206 36173 12776 
4136 -18671 -19871 -11730 6438 7812 -36650 -27205 8186 7325 -1110 -10729 6612 39921 -8929 23107 -8623 -1366 -12446 -15065 -5503 17545 -17892 -23626 -23411 
12812 -5515 3132 -3013 4223 -842 -18424 7988 -20232 -3815 8241 -6440 32168 609 -4070 18148 1769 -9382 -9277 -9176 -20194 -7496 15646 -10460 4929 
-13359 4299 -14002 19209 -1982 -24432 10063 -1774 -32264 15421 2200 13528 20730 20247 10363 4381 -17798 -25143 -8681 21754 10378 -5075 -2845 16892 -25948 
11340 -8002 13877 16709 22249 1473 28543 -90 -13321 -24683 -12578 13165 -34046 -24922 8420 -4248 7836 -8911 -3450 -17409 27026 -7346 -9678 23117 13875 
1968 3542 12725 20398 6211 11690 6154 -18323 -42996 -10525 -11398 3087 -7556 -16417 9467 8396 -16144 315 -779 -18863 15523 2039 4780 18766 1238 
19725 -27909 29398 -10439 -26380 6834 -7986 14619 31366 -5126 -11169 -12547 -15033 -22352 -8181 -23118 28392 6902 14610 -15986 -10052 -28243 8949 -2930 -9610 
-17168 25604 -8811 15694 6940 3389 21482 9585 -18099 -9355 12955 12109 8637 -22787 24304 5922 -9476 10025 5646 -3672 -6059 -3891 -18316 -3115 22704 
8764 4579 16647 8368 -13533 -5740 10535 35887 -13591 -20465 -9808 17559 -7929 -7802 16694 4272 15167 -7816 8974 -130 5566 -37396 -11572 12185 -13931 
-1487 -7319 -6009 -9890 -7861 -8449 -14674 -10184 -16489 14274 -19017 -17816 -7292 3766 12791 -12588 2562 -108 -4218 19912 1981 7178 -14715 -6749 5354 
-13559 35695 26908 -434 11311 1056 1949 8271 6637 1279 18501 -2488 -23562 18486 -3901 14924 27900 10954 25524 9995 -10297 -10623 -10699 -2779 -8499 
14124 3052 38300 -4209 -8096 26341 -11631 1171 17566 -28114 7186 8704 -38804 10727 -7517 21180 28858 22778 -7094 9536 -317 -5642 -6607 6235 -5552 
16954 -5638 23947 26413 -27821 25069 -11439 9498 -23661 -33107 10815 19598 -15817 -11066 -8122 14536 23069 -22050 4412 4025 -5748 -14321 -10495 -12547 13282 
7922 -10233 23619 49 4497 34795 -24828 20691 -9741 -21932 4221 -7510 -26079 10127 703 32236 558 10802 -8187 -17852 4313 -4034 -838 4379 27579 
-14059 14002 4775 -5309 -14749 17753 8001 27560 -14437 -1149 -24359 875 -5068 14408 10645 -9631 2689 -3942 -1297 7994 3166 -12536 9779 2852 -10248 
-8431 10502 1952 -7867 2487 12286 -12596 -9431 -12031 15578 -2175 13976 509 34626 -6712 -4108 -16051 -1005 -3472 25071 -24310 7101 -6743 -8981 -13103 
26392 -15729 4951 -23914 -6889 -5051 -18102 -5724 8509 -6653 -23400 -21863 -16207 -4935 12728 -8294 16928 8604 -5644 -9108 -17987 -17437 8908 -1835 -39171 
-13751 -10489 668 19583 -2884 -17990 -8100 -3482 -2044 6961 14952 4544 14159 32191 -22025 6519 -19995 2151 8710 1238 8931 7671 -27792 17604 -14740 
-7205 14108 11579 22709 -9323 16609 9575 -8861 -10964 -2760 -7388 10344 -39980 6992 12186 -6484 19665 -2926 -6761 10835 17369 8644 -12038 -1998 -4450 
29071 5602 -7854 3164 5385 -31051 -10976 31861 2302 -11152 17136 12554 1556 4844 5957 14684 20098 -16343 -4307 13656 -5823 -16367 -10250 -5536 5812 
4317 -4063 9976 -20688 11654 23932 791 -17045 9692 -2344 -15417 -15898 -24887 -18238 8814 -4842 -16658 19851 -2129 -12893 -2709 3495 25192 17793 1582 
29597 3637 14176 -5955 23475 4419 26634 11169 19052 -13113 -11254 19448 -16892 -50226 20098 -15080 -718 -5728 6516 -28623 -11849 -13186 32583 9623 13143 
26233 -37889 21630 -1294 -16766 10771 -30285 10272 -29040 -14674 -21562 -15359 4530 -2157 -2136 1452 3184 -14266 -12338 -26864 -7677 -15221 4047 -924 7041 
-8452 -44688 -2445 -14895 -17902 12090 -20764 -27740 4918 36414 -20972 -31559 8272 21959 -9325 -15328 -13099 2602 -24822 -12000 8091 1866 19044 -141 -28942 
Result Matrix: 
-11417 2925 -7063 -2990 -12490 -4494 902 1103 -12451 11189 -6434 
3164 3258 340 -4431 8085 569 -950 -9720 9124 -6962 2421 
-6985 -1357 6927 -985 -8586 8027 5888 1643 -17152 8773 359 
-4896 -77 9126 -4748 -1348 8266 -835 -11911 -8303 -91 124 
42 3397 -12401 195 2255 -6058 -4765 8653 1787 -3815 -2714 
2079 9288 -7702 -3376 5081 -181 10119 1470 -681 2689 1148 
-16641 2350 -11743 -18216 -15520 -2732 13625 3798 4836 5496 8242 
-11702 -7522 8529 1189 -16461 -998 -2622 1362 -13438 12792 260 
8117 3553 214 187 9085 18382 5100 -5199 -5993 -12988 -10873 
3111 11372 -18140 -2747 4178 -2734 11353 7433 1642 706 -4754 
4660 1126 3702 2888 5720 8800 -4694 -10303 -5579 -7208 -10734 
-13612 9239 -14416 -13117 -10897 -7063 7049 -8432 -1448 8875 -5099 
-19396 6317 -9423 -13277 -16414 -2096 5675 -4162 -13885 12008 -3397 
5377 -8126 15752 5049 8468 12102 -12179 -1104 -4569 -12916 3606 
-11439 4532 -10475 -8624 -9720 8928 6151 5492 -16702 579 -7339 
-2344 3827 -967 -4802 -734 -6641 6665 -3593 6001 7364 7462 
5769 309 2575 3639 7982 2051 -7290 -5289 1052 -7022 -3888 
3837 6186 -10434 5472 -630 -16719 5565 3162 7044 13164 -2949 
-7330 -9781 10583 -3728 -5794 8429 -6385 3689 -5007 -5716 8216 
5747 -3670 12768 812 7125 3577 -61 -6281 7596 -3738 9295 
Result Matrix: 
-926 4975 -9903 17209 17598 11002 5277 2783 2955 5138 -16954 -8865 19452 -11595 -3049 -16691 10446 
-18780 -6608 16962 13697 15902 27476 6996 -3032 -810 10741 7342 5258 2441 -1664 -11 -8594 323 
-25093 -8678 9017 3076 14503 6418 -12136 -4178 392 3520 -14367 -5101 7916 -8045 -14492 -4248 -3402 
-10880 5795 -19080 5544 -4922 -1679 -2995 78 -5192 -1974 -503 -188 11748 5752 12992 2100 13359 
-22904 -12726 5368 -796 19496 -31274 -27169 -10318 24862 10371 -4507 9921 -6310 -5566 -12101 -6384 -843 
9651 -20610 19042 -4842 7823 15681 5959 -18358 -6318 -4240 -35757 -13453 -3849 4924 -22471 -3909 -6229 
-20223 7048 3465 12600 11959 5282 5601 9149 -686 26478 6559 17440 19590 2856 -642 -6650 6884 
-17462 -14022 1617 152 2447 -10741 -7315 4774 -4278 20011 13381 7624 -6841 -4539 -7350 -21 2204 
-19144 -6193 -7793 10769 9676 -10084 8650 4945 -6767 26803 4102 25229 10047 12083 617 -11979 13031 
-5877 -359 2313 1264 -9341 8908 7989 2096 -5073 2910 28900 -4141 -2081 -9060 10128 14720 3367 
11090 -5544 5878 -8609 -3051 -1393 12560 5338 -2585 16654 4414 -5747 929 -11075 -8243 9572 1030 
-6153 -6579 -7401 -13325 304 -19144 7526 4727 -5920 19904 -16214 3002 21399 46 -10844 11055 9890 
23142 -14703 1994 -6987 -16136 6963 12306 9129 -30444 -11585 -9386 -11012 16698 12779 -12362 17462 2542 
